-19.934
-4.623
-7.584
-16.593
-19.846
11.242
-6.911
-5.162
3.781
6.100
-10.686
-19.461
14.016
-9.552
19.950
19.007
12.271
-5.383
13.160
17.902
18.089
6.659
-7.906
8.208
18.647
16.988
3.744
-2.975
9.760
-6.548
18.026
6.174
-11.382
-2.399
-14.673
-5.254
8.334
15.285
12.304
-6.609
19.244
11.529
13.983
-12.756
-13.467
-7.071
0.522
-19.883
-0.400
4.526
1.233
-10.052
7.833
10.343
2.968
5.981
-10.669
-8.776
-10.009
13.270
-1.323
17.714
-19.993
8.385
3.345
3.959
12.039
2.421
-5.778
-1.311
2.431
15.746
-8.813
9.931
-11.302
-7.633
-4.532
13.540
17.313
19.003
1.316
3.233
0.367
10.657
10.628
17.743
-5.406
8.509
-18.708
-18.606
6.174
10.189
-5.496
1.132
11.699
14.440
16.554
14.098
-5.927
6.195
10.949
0.049
12.936
11.189
11.467
-19.883
4.143
2.198
10.718
-17.713
18.893
-3.985
-2.519
-20.052
2.148
-16.433
8.752
-11.396
17.956
18.600
3.880
-9.335
-17.042
-13.078
-3.063
6.909
6.250
5.331
8.405
4.790
-17.990
-11.662
3.974
-6.760
-15.650
18.550
-12.831
-10.768
11.742
-6.171
15.034
13.305
-13.857
19.931
6.914
14.846
12.055
10.484
-3.548
-7.150
3.911
15.580
-15.117
3.053
-14.521
-19.420
-2.138
-11.920
3.064
15.606
-3.479
-16.385
10.977
-7.331
2.454
0.695
-10.724
0.379
-7.806
7.675
14.015
-2.294
16.383
-12.824
-8.364
-12.621
-3.859
-16.758
-19.959
8.141
-16.237
-8.306
2.613
7.594
5.462
-15.571
10.334
8.807
-6.423
-10.473
-10.097
8.395
14.439
-17.622
-16.406
7.762
-4.669
-18.538
-5.919
-15.488
-5.413
-1.833
6.403
-14.146
-18.076
18.616
9.817
8.010
12.496
6.883
14.105
13.635
-3.587
-6.134
13.453
6.873
11.791
-4.545
-6.877
0.834
-6.776
-11.292
8.503
6.105
-10.618
13.730
0.020
-5.440
4.248
-13.198
-14.128
-8.412
7.233
-3.121
-1.405
14.552
-4.085
19.253
1.499
-9.373
-17.932
2.137
-13.767
7.767
14.144
9.712
5.932
-0.382
-10.402
-5.987
10.893
-5.994
18.049
14.662
16.137
8.942
-9.356
-11.701
2.625
-8.109
-16.896
2.751
-19.164
-12.816
-19.865
1.498
17.571
-14.713
-11.939
3.660
12.087
-1.142
6.749
4.602
-12.060
-3.299
8.997
8.080
3.566
-1.911
7.402
12.351
7.337
9.789
9.450
-16.606
-18.773
2.063
0.028
15.969
-2.239
-15.930
2.846
-11.601
-11.916
1.311
2.212
4.202
-19.987
7.522
18.620
11.556
-4.665
-5.592
3.837
9.203
17.438
-17.281
-3.353
-15.555
19.438
17.674
-2.373
8.205
19.495
7.664
-1.537
-7.193
-13.005
11.225
-5.413
-13.734
13.711
11.175
-0.074
12.463
-6.558
-15.449
6.949
-5.949
4.490
6.084
17.158
1.220
5.406
-12.261
7.173
-9.093
5.560
2.740
2.244
15.586
1.219
15.041
4.362
9.587
11.533
-5.782
5.174
19.475
-13.869
-13.241
13.734
16.321
-2.780
9.971
-15.925
8.855
2.479
3.084
9.889
-6.889
10.646
11.142
-8.582
-6.827
-15.160
5.230
-12.819
-1.483
17.317
-1.943
-5.779
-15.748
2.173
-10.391
-15.048
2.615
19.988
-7.408
-8.543
7.951
19.781
14.857
-19.367
8.157
16.955
14.210
1.482
-17.449
9.249
19.682
10.383
19.217
1.891
-13.462
-4.023
0.136
7.462
3.638
17.703
5.119
-8.752
-17.126
-19.876
-9.620
-19.573
8.702
-14.818
3.312
-18.824
5.272
3.414
9.164
18.349
-13.163
20.020
-0.740
12.663
19.144
16.684
19.578
-12.974
11.757
-15.984
-4.229
-1.557
8.506
18.461
12.093
-11.849
-6.118
2.284
9.243
7.985
-14.959
12.947
-17.121
-19.077
-16.720
-17.256
-0.618
-4.531
-12.979
-12.884
-7.980
13.190
-0.482
11.526
-3.717
18.428
-10.515
-7.755
-16.264
17.629
-12.496
2.127
7.600
12.090
-4.835
-13.807
13.129
0.365
1.006
-2.439
-16.161
17.297
-17.714
8.973
-8.819
-10.424
7.677
1.049
11.813
-7.800
8.763
-17.912
-17.109
15.705
6.174
2.149
19.025
-13.464
-3.799
-0.396
-7.043
19.094
12.085
-10.373
9.813
-0.249
-15.015
14.654
3.325
14.673
18.283
8.121
-15.842
-14.137
3.699
11.710
-9.636
13.627
-17.241
-17.235
-16.355
19.309
-7.898
3.919
14.839
7.385
19.306
-16.679
10.388
11.509
-12.829
11.640
-7.921
-18.517
-1.962
4.598
-17.921
-1.532
-12.842
6.036
-11.077
6.548
-8.989
-8.062
-6.394
1.573
5.951
6.822
-12.768
-0.242
-0.367
-4.417
13.434
-17.267
-19.694
-6.926
-5.130
17.860
-3.332
2.229
-4.146
-9.656
16.856
-16.230
7.355
-7.250
-18.571
19.089
-19.286
4.206
14.532
18.566
7.181
-14.783
-9.075
12.395
3.873
-6.010
-6.905
-5.841
2.421
9.401
10.119
18.493
-1.798
6.998
1.589
-5.814
-14.933
1.593
19.614
-4.213
8.349
15.570
-15.049
-6.066
3.206
15.999
12.460
-3.857
-14.681
19.798
-3.959
-18.738
1.777
-10.545
11.014
-1.716
6.111
-2.424
17.789
11.069
1.327
3.870
17.058
-2.445
16.152
5.991
12.476
10.101
4.583
20.029
-20.008
7.015
-16.668
-0.041
5.114
-5.938
16.963
-14.456
14.437
-16.883
-18.088
-7.211
14.280
4.475
-11.587
1.970
12.906
-1.202
-14.336
2.550
-8.498
5.086
-2.487
-1.871
-6.776
14.081
-14.387
1.502
-1.897
5.933
-14.007
-5.521
17.827
-19.934
-9.236
13.399
-3.266
14.377
12.531
-16.776
-4.769
14.359
6.446
-1.214
10.627
-6.997
8.455
1.149
9.091
-3.198
6.446
16.145
15.445
-1.974
-0.227
4.360
9.622
3.511
8.652
-18.489
-13.385
4.513
-10.011
19.438
1.907
18.767
6.444
-12.070
18.817
-4.581
16.825
15.665
1.364
-12.000
8.391
11.612
-4.083
19.505
-14.100
-3.620
6.605
13.710
-5.264
3.918
-4.797
-13.433
15.303
-10.785
9.468
6.688
-10.997
19.016
14.627
6.819
-1.518
-14.930
8.707
-3.867
-6.527
-1.958
-14.947
-13.617
-2.773
14.295
-4.176
1.279
-1.324
9.005
19.007
-19.340
-11.767
-16.480
16.938
-0.156
-0.831
10.854
-18.175
-12.894
1.736
-12.569
-2.815
-5.616
-15.853
16.191
-10.259
17.271
1.130
6.526
5.973
6.787
-15.934
12.161
-5.543
-8.258
-10.224
-4.089
-16.255
6.289
-14.432
11.057
-5.729
-10.383
0.253
-2.745
-18.485
7.384
12.285
3.318
17.003
12.027
11.371
13.562
-7.706
-3.025
9.873
7.516
-2.291
-0.744
8.778
-5.758
19.446
-7.182
2.884
-13.113
13.524
-16.028
2.337
14.966
-1.282
-0.113
12.476
12.346
14.467
-5.866
0.731
5.219
13.749
-6.688
17.020
-15.683
12.261
5.697
-11.429
-10.518
-15.786
-1.109
3.955
-13.818
-12.445
-17.231
-20.037
-5.898
-0.292
-2.089
12.426
19.864
13.528
-8.276
-15.090
3.076
-17.852
19.809
-8.918
-3.002
13.748
-5.799
8.718
9.496
16.469
9.233
10.889
6.058
-8.558
8.568
-13.967
-9.882
-12.527
5.816
2.515
3.526
14.442
-15.091
-19.167
17.056
12.138
-7.075
19.931
6.487
1.487
15.090
17.929
-19.592
-16.030
12.443
-1.097
-0.219
10.245
-15.660
-8.240
17.180
-12.749
-6.955
2.073
-8.567
5.983
12.598
15.518
-10.465
-16.861
12.081
-10.950
-0.331
7.459
2.576
-13.644
-0.273
-12.963
-14.298
7.774
-7.238
10.060
-5.654
5.072
2.706
-14.209
5.299
7.841
16.568
1.496
-5.222
2.512
-13.545
-6.714
12.691
-6.741
-5.621
4.104
16.110
-5.230
6.332
5.929
12.352
-11.986
19.910
-4.869
3.831
11.374
15.974
-4.387
-10.467
11.874
2.745
-16.151
-6.364
-18.273
-4.253
-1.765
11.451
8.250
8.749
-6.157
4.032
-10.571
-19.151
-11.773
-5.257
-1.957
14.514
-15.811
-6.491
7.571
-10.684
-7.288
-1.091
3.880
7.829
-16.525
13.333
-11.711
0.431
18.175
-9.773
-14.029
-1.330
-1.263
-3.285
0.936
17.044
-10.610
-0.967
-3.694
0.063
8.868
8.991
-10.560
0.370
18.132
15.646
-6.370
-0.955
-7.306
-12.331
7.339
-1.588
16.298
-9.497
-3.186
-19.360
12.204
10.037
19.316
-7.544
-5.562
4.722
18.284
2.591
-13.888
17.811
3.039
-6.265
-13.243
17.941
0.467
-13.380
-2.974
-4.103
-1.792
17.834
-7.684
-11.970
-1.280
15.069
-3.330
6.514
17.279
7.664
-9.785
-14.605
9.509
-17.352
-6.240
16.834
15.873
14.521
4.780
3.893
-6.753
-17.146
-16.637
-5.211
-6.836
12.741
-12.305
17.690
14.351
4.461
-10.670
12.232
2.352
0.880
0.922
1.381
-12.803
15.065
12.868
-5.361
9.930
3.106
8.361
12.510
6.766
-8.676
-6.415
-9.274
-10.615
-11.375
6.144
13.492
-16.936
4.949
-11.384
19.320
-9.622
-15.328
8.198
-1.857
-5.164
-6.887
-14.182
-0.965
-2.347
13.949
12.700
-6.983
16.728
2.883
-16.187
-19.295
-9.058
8.563
-18.031
-1.648
-15.179
-17.935
-12.294
-13.808
7.213
-14.177
-12.749
9.287
-7.734
17.358
0.228
-11.857
16.801
8.422
-19.159
-6.744
-0.949
-3.237
-19.584
8.004
-7.442
-1.364
-8.664
-17.010
5.087
-11.462
1.733
11.529
-1.160
-12.330
16.414
-14.377
-19.202
-15.108
6.973
-0.160
17.380
-9.300
16.898
-11.255
14.630
-9.084
9.590
-10.699
19.834
-12.222
16.776
12.417
18.955
16.838
-10.070
3.482
12.534
-0.148
12.230
18.318
-11.211
4.946
-0.679
-1.775
17.015
-1.186
-6.437
-18.880
19.983
-1.176
6.078
6.288
16.214
18.906
8.804
4.459
-7.613
-16.813
-7.278
-3.250
11.674
-14.267
-4.850
19.967
18.902
18.167
19.874
-5.484
-15.728
7.597
-13.629
-4.839
-1.329
5.270
-2.699
9.164
-16.763
3.252
2.870
5.024
-14.834
18.454
-8.165
-10.903
-11.457
-19.829
15.284
-12.584
-12.793
-0.390
16.418
14.875
-12.035
-4.055
11.079
-5.285
-4.304
9.807
13.942
-2.674
14.529
10.246
-18.222
11.841
-8.269
16.219
3.010
-18.512
-10.546
11.255
-15.076
-17.926
11.427
-9.586
15.347
-3.854
-19.112
-2.559
-3.393
-7.469
-2.634
19.422
13.856
-0.213
-1.796
13.816
8.523
7.855
17.651
-11.695
16.249
-0.253
-1.228
3.267
-6.681
-8.927
0.047
-16.798
15.032
2.427
-12.126
1.453
-17.416
-9.643
14.023
-19.015
-0.195
18.877
18.856
15.741
7.596
-13.258
11.106
-0.821
8.692
-4.131
-5.184
7.711
11.220
1.669
-7.344
-5.345
-13.918
-11.301
-15.980
-16.410
10.697
-13.757
-8.908
13.753
-5.268
4.554
-7.335
-19.939
-18.898
2.814
9.643
-16.234
14.318
-18.965
-2.407
-5.462
-12.287
-10.856
11.242
13.520
14.050
-7.632
-5.745
8.827
17.396
5.807
0.367
7.271
-9.615
-6.782
-2.140
2.296
10.458
1.984
-0.349
2.690
14.148
-3.160
8.660
19.729
-15.685
-9.081
-6.916
1.103
19.921
-4.578
-0.185
4.729
13.535
-11.382
19.519
-1.956
14.991
0.598
2.198
17.423
9.204
13.446
-14.864
19.385
8.932
18.330
-9.700
-7.665
2.117
1.092
17.821
-8.938
15.401
-15.560
13.106
-1.638
9.975
-4.917
3.934
-16.592
-18.126
-5.788
-4.789
-15.382
4.078
7.987
9.812
10.918
6.522
0.676
12.404
0.809
-15.361
2.732
-16.521
-8.905
-9.743
-14.600
-15.864
-4.570
18.471
17.858
-5.476
11.102
-5.730
16.692
17.187
-3.028
-4.058
-6.994
9.989
0.537
-17.382
-5.886
18.387
-15.633
-12.998
5.804
11.095
-5.051
-10.508
-8.756
1.198
-7.179
4.096
-15.426
3.117
-15.751
-11.804
-13.461
4.379
-19.685
-7.770
-17.595
7.875
-1.254
5.363
-12.062
6.220
-16.191
-14.857
-16.014
-15.634
12.429
15.608
-7.938
18.957
-3.749
12.100
5.045
-5.211
-2.108
-12.291
4.033
14.883
-19.307
-4.518
-0.378
-15.440
-3.160
18.999
-15.483
-14.814
-2.626
3.391
9.938
-4.518
-8.776
13.082
15.189
14.189
1.629
17.769
-4.746
12.867
12.123
19.777
5.961
-1.362
-15.862
-1.926
7.399
12.426
-11.180
-3.371
-5.732
-15.250
-5.571
0.955
3.632
-10.321
8.391
12.729
-9.093
0.122
19.595
-16.809
0.728
-3.256
8.613
15.842
17.635
0.850
-17.679
13.480
18.147
-5.774
6.870
7.344
12.453
-11.543
-11.010
-11.542
-5.965
7.577
7.207
19.884
9.820
9.953
1.712
3.101
11.137
-9.864
9.715
1.998
13.998
-4.191
0.354
-6.277
-6.217
-11.246
10.718
1.031
12.901
16.038
11.155
-5.254
12.612
-17.613
16.022
18.118
-6.814
9.278
-16.648
13.026
12.306
3.343
-4.490
-17.267
-11.470
1.009
-11.345
9.179
18.177
-11.308
3.095
-6.659
4.637
-19.923
-14.817
14.689
0.785
-10.428
-4.439
17.702
-2.613
3.102
14.178
-17.785
13.208
-5.790
12.720
8.846
7.270
15.731
18.484
7.749
-13.101
15.082
7.656
-1.020
-9.651
-4.333
16.527
-9.296
5.309
-12.545
7.239
-18.608
-14.511
15.870
15.860
0.314
-3.901
12.024
18.112
7.633
-6.241
-9.483
14.885
-5.648
-16.015
7.157
5.908
9.772
6.639
14.473
19.777
7.486